              precision    recall  f1-score   support

           0       0.88      0.75      0.81      1004
           1       0.74      0.91      0.81      1175
           2       0.89      0.82      0.85      1205
           3       0.95      0.91      0.93      1009
           4       0.84      0.82      0.83      1015
           5       0.83      0.83      0.83       999
           6       0.88      0.90      0.89       998
           7       0.81      0.80      0.80      1017

    accuracy                           0.84      8422
   macro avg       0.85      0.84      0.84      8422
weighted avg       0.85      0.84      0.84      8422
